{
 "cells": [
  {
   "cell_type": "code",
   "execution_count": null,
   "id": "5b66dd6e",
   "metadata": {},
   "outputs": [],
   "source": [
    "import numpy as np\n",
    "import pandas as pd\n",
    "from sklearn.model_selection import TimeSeriesSplit\n",
    "from sklearn.metrics import mean_squared_error, r2_score\n",
    "from scipy.optimize import minimize\n",
    "import statsmodels.api as sm"
   ]
  },
  {
   "cell_type": "code",
   "execution_count": null,
   "id": "cd7715e9",
   "metadata": {},
   "outputs": [],
   "source": [
    "casas = {\n",
    "    \"R1\":\"casa1PM.xlsx\",\n",
    "    \"R2\":\"casa2PM.xlsx\",\n",
    "    \"R3\":\"casa3PM.xlsx\",\n",
    "    \"R4\":\"casa4PM.xlsx\"\n",
    "}\n",
    "\n",
    "fracoes = {\n",
    "    \"MP1\":(\"cinPM1\",\"coutPM1\"),\n",
    "    \"MP2.5\":(\"cinPM25\",\"coutPM25\"),\n",
    "    \"MP10\":(\"cinPM10\",\"coutPM10\")\n",
    "}\n",
    "\n",
    "block_sizes = [4,6,8,12]\n",
    "n_boots = [200,500,1000]\n",
    "frac_values = [0.4,0.5,0.6,0.7]\n",
    "\n"
   ]
  },
  {
   "cell_type": "code",
   "execution_count": null,
   "id": "9dbae225",
   "metadata": {},
   "outputs": [],
   "source": [
    "def classificar_origem(Cin, Cout, Cin_lag, Cout_lag,\n",
    "                       ratio_th=1.2,\n",
    "                       diff_in=3,\n",
    "                       diff_ext=2):\n",
    "\n",
    "    eps = 1e-6\n",
    "\n",
    "    if (\n",
    "        ((Cin/(Cout+eps)) > ratio_th and\n",
    "         (Cin-Cin_lag) > diff_in and\n",
    "         (Cout-Cout_lag) < diff_ext)\n",
    "        or Cin > 45\n",
    "    ):\n",
    "        return \"interno\"\n",
    "\n",
    "    elif (Cin/(Cout+eps)) < ratio_th or Cin <= Cout:\n",
    "        return \"externo\"\n",
    "\n",
    "    else:\n",
    "        return \"desconhecido\""
   ]
  },
  {
   "cell_type": "code",
   "execution_count": null,
   "id": "07c565a0",
   "metadata": {},
   "outputs": [],
   "source": [
    "def moving_block_bootstrap(x, y, block_size):\n",
    "\n",
    "    n = len(x)\n",
    "    idx = np.arange(n - block_size)\n",
    "\n",
    "    xs = []\n",
    "    ys = []\n",
    "\n",
    "    while len(xs) < n:\n",
    "\n",
    "        start = np.random.choice(idx)\n",
    "        block = slice(start, start + block_size)\n",
    "\n",
    "        xs.extend(x[block])\n",
    "        ys.extend(y[block])\n",
    "\n",
    "    return np.array(xs[:n]), np.array(ys[:n])"
   ]
  },
  {
   "cell_type": "code",
   "execution_count": null,
   "id": "74483d6f",
   "metadata": {},
   "outputs": [],
   "source": [
    "def simular_mbm(Finf, k, Cout, Cin0):\n",
    "\n",
    "    Cin_pred = np.zeros(len(Cout))\n",
    "    Cin_pred[0] = Cin0\n",
    "\n",
    "    for t in range(1,len(Cout)):\n",
    "        Cin_pred[t] = Finf*Cout[t] + (Cin_pred[t-1] - Finf*Cout[t])*np.exp(-k)\n",
    "\n",
    "    return Cin_pred"
   ]
  },
  {
   "cell_type": "code",
   "execution_count": null,
   "id": "003aaa54",
   "metadata": {},
   "outputs": [],
   "source": [
    "def ajustar_mbm(Cin, Cout):\n",
    "\n",
    "    def erro(params):\n",
    "\n",
    "        Finf,k = params\n",
    "\n",
    "        if not (0 < Finf < 1 and k > 0):\n",
    "            return np.inf\n",
    "\n",
    "        pred = simular_mbm(Finf,k,Cout,Cin[0])\n",
    "\n",
    "        return np.sqrt(np.mean((Cin - pred)**2))\n",
    "\n",
    "    res = minimize(erro,[0.5,0.3],bounds=[(0.001,0.999),(0.001,3)])\n",
    "\n",
    "    return res.x"
   ]
  },
  {
   "cell_type": "code",
   "execution_count": null,
   "id": "596f885e",
   "metadata": {},
   "outputs": [],
   "source": [
    "def ajustar_lowess(Cin, Cout, frac):\n",
    "\n",
    "    ratio = Cin/Cout\n",
    "\n",
    "    smooth = sm.nonparametric.lowess(\n",
    "        ratio,\n",
    "        Cout,\n",
    "        frac=frac,\n",
    "        return_sorted=False\n",
    "    )\n",
    "\n",
    "    Finf = np.clip(np.mean(smooth),0,1)\n",
    "\n",
    "    pred = Finf*Cout\n",
    "\n",
    "    return Finf,pred"
   ]
  },
  {
   "cell_type": "code",
   "execution_count": null,
   "id": "e46d1113",
   "metadata": {},
   "outputs": [],
   "source": [
    "def astm_d5157(obs, mod):\n",
    "\n",
    "    mask = np.isfinite(obs) & np.isfinite(mod)\n",
    "\n",
    "    obs = obs[mask]\n",
    "    mod = mod[mask]\n",
    "\n",
    "    r = np.corrcoef(obs,mod)[0,1]\n",
    "\n",
    "    a,b = np.polyfit(obs,mod,1)\n",
    "\n",
    "    nmse = np.mean((mod-obs)**2)/(np.mean(mod)*np.mean(obs))\n",
    "\n",
    "    fb = 2*(np.mean(mod)-np.mean(obs))/(np.mean(mod)+np.mean(obs))\n",
    "\n",
    "    fs = 2*(np.std(mod)-np.std(obs))/(np.std(mod)+np.std(obs))\n",
    "\n",
    "    return {\"r\":r,\"a\":a,\"b\":b,\"NMSE\":nmse,\"FB\":fb,\"FS\":fs}"
   ]
  },
  {
   "cell_type": "code",
   "execution_count": null,
   "id": "dd281cec",
   "metadata": {},
   "outputs": [
    {
     "name": "stdout",
     "output_type": "stream",
     "text": [
      "\n",
      "====================\n",
      "Casa: R1\n",
      "====================\n",
      "\n",
      "Fração: MP1\n",
      "Melhor configuração MBM: {'block_size': 12, 'n_boot': 1000}\n",
      "Melhor configuração LOWESS: {'block_size': 8, 'n_boot': 200, 'frac': 0.4}\n",
      "\n",
      "Fração: MP2.5\n",
      "Melhor configuração MBM: {'block_size': 6, 'n_boot': 1000}\n",
      "Melhor configuração LOWESS: {'block_size': 6, 'n_boot': 200, 'frac': 0.6}\n",
      "\n",
      "Fração: MP10\n",
      "Melhor configuração MBM: {'block_size': 6, 'n_boot': 1000}\n",
      "Melhor configuração LOWESS: {'block_size': 8, 'n_boot': 200, 'frac': 0.4}\n",
      "\n",
      "====================\n",
      "Casa: R2\n",
      "====================\n",
      "\n",
      "Fração: MP1\n",
      "Melhor configuração MBM: {'block_size': 12, 'n_boot': 200}\n"
     ]
    },
    {
     "name": "stderr",
     "output_type": "stream",
     "text": [
      "c:\\Users\\melin\\AppData\\Local\\Programs\\Python\\Python313\\Lib\\site-packages\\statsmodels\\nonparametric\\smoothers_lowess.py:226: RuntimeWarning: invalid value encountered in divide\n",
      "  res, _ = _lowess(y, x, x, np.ones_like(x),\n",
      "c:\\Users\\melin\\AppData\\Local\\Programs\\Python\\Python313\\Lib\\site-packages\\statsmodels\\nonparametric\\smoothers_lowess.py:226: RuntimeWarning: invalid value encountered in divide\n",
      "  res, _ = _lowess(y, x, x, np.ones_like(x),\n",
      "c:\\Users\\melin\\AppData\\Local\\Programs\\Python\\Python313\\Lib\\site-packages\\statsmodels\\nonparametric\\smoothers_lowess.py:226: RuntimeWarning: invalid value encountered in divide\n",
      "  res, _ = _lowess(y, x, x, np.ones_like(x),\n",
      "c:\\Users\\melin\\AppData\\Local\\Programs\\Python\\Python313\\Lib\\site-packages\\statsmodels\\nonparametric\\smoothers_lowess.py:226: RuntimeWarning: invalid value encountered in divide\n",
      "  res, _ = _lowess(y, x, x, np.ones_like(x),\n",
      "c:\\Users\\melin\\AppData\\Local\\Programs\\Python\\Python313\\Lib\\site-packages\\statsmodels\\nonparametric\\smoothers_lowess.py:226: RuntimeWarning: invalid value encountered in divide\n",
      "  res, _ = _lowess(y, x, x, np.ones_like(x),\n",
      "c:\\Users\\melin\\AppData\\Local\\Programs\\Python\\Python313\\Lib\\site-packages\\statsmodels\\nonparametric\\smoothers_lowess.py:226: RuntimeWarning: invalid value encountered in divide\n",
      "  res, _ = _lowess(y, x, x, np.ones_like(x),\n",
      "c:\\Users\\melin\\AppData\\Local\\Programs\\Python\\Python313\\Lib\\site-packages\\statsmodels\\nonparametric\\smoothers_lowess.py:226: RuntimeWarning: invalid value encountered in divide\n",
      "  res, _ = _lowess(y, x, x, np.ones_like(x),\n",
      "c:\\Users\\melin\\AppData\\Local\\Programs\\Python\\Python313\\Lib\\site-packages\\statsmodels\\nonparametric\\smoothers_lowess.py:226: RuntimeWarning: invalid value encountered in divide\n",
      "  res, _ = _lowess(y, x, x, np.ones_like(x),\n",
      "c:\\Users\\melin\\AppData\\Local\\Programs\\Python\\Python313\\Lib\\site-packages\\statsmodels\\nonparametric\\smoothers_lowess.py:226: RuntimeWarning: invalid value encountered in divide\n",
      "  res, _ = _lowess(y, x, x, np.ones_like(x),\n",
      "c:\\Users\\melin\\AppData\\Local\\Programs\\Python\\Python313\\Lib\\site-packages\\statsmodels\\nonparametric\\smoothers_lowess.py:226: RuntimeWarning: invalid value encountered in divide\n",
      "  res, _ = _lowess(y, x, x, np.ones_like(x),\n",
      "c:\\Users\\melin\\AppData\\Local\\Programs\\Python\\Python313\\Lib\\site-packages\\statsmodels\\nonparametric\\smoothers_lowess.py:226: RuntimeWarning: invalid value encountered in divide\n",
      "  res, _ = _lowess(y, x, x, np.ones_like(x),\n",
      "c:\\Users\\melin\\AppData\\Local\\Programs\\Python\\Python313\\Lib\\site-packages\\statsmodels\\nonparametric\\smoothers_lowess.py:226: RuntimeWarning: invalid value encountered in divide\n",
      "  res, _ = _lowess(y, x, x, np.ones_like(x),\n",
      "c:\\Users\\melin\\AppData\\Local\\Programs\\Python\\Python313\\Lib\\site-packages\\statsmodels\\nonparametric\\smoothers_lowess.py:226: RuntimeWarning: invalid value encountered in divide\n",
      "  res, _ = _lowess(y, x, x, np.ones_like(x),\n",
      "c:\\Users\\melin\\AppData\\Local\\Programs\\Python\\Python313\\Lib\\site-packages\\statsmodels\\nonparametric\\smoothers_lowess.py:226: RuntimeWarning: invalid value encountered in divide\n",
      "  res, _ = _lowess(y, x, x, np.ones_like(x),\n",
      "c:\\Users\\melin\\AppData\\Local\\Programs\\Python\\Python313\\Lib\\site-packages\\statsmodels\\nonparametric\\smoothers_lowess.py:226: RuntimeWarning: invalid value encountered in divide\n",
      "  res, _ = _lowess(y, x, x, np.ones_like(x),\n",
      "c:\\Users\\melin\\AppData\\Local\\Programs\\Python\\Python313\\Lib\\site-packages\\statsmodels\\nonparametric\\smoothers_lowess.py:226: RuntimeWarning: invalid value encountered in divide\n",
      "  res, _ = _lowess(y, x, x, np.ones_like(x),\n",
      "c:\\Users\\melin\\AppData\\Local\\Programs\\Python\\Python313\\Lib\\site-packages\\statsmodels\\nonparametric\\smoothers_lowess.py:226: RuntimeWarning: invalid value encountered in divide\n",
      "  res, _ = _lowess(y, x, x, np.ones_like(x),\n",
      "c:\\Users\\melin\\AppData\\Local\\Programs\\Python\\Python313\\Lib\\site-packages\\statsmodels\\nonparametric\\smoothers_lowess.py:226: RuntimeWarning: invalid value encountered in divide\n",
      "  res, _ = _lowess(y, x, x, np.ones_like(x),\n",
      "c:\\Users\\melin\\AppData\\Local\\Programs\\Python\\Python313\\Lib\\site-packages\\statsmodels\\nonparametric\\smoothers_lowess.py:226: RuntimeWarning: invalid value encountered in divide\n",
      "  res, _ = _lowess(y, x, x, np.ones_like(x),\n",
      "c:\\Users\\melin\\AppData\\Local\\Programs\\Python\\Python313\\Lib\\site-packages\\statsmodels\\nonparametric\\smoothers_lowess.py:226: RuntimeWarning: invalid value encountered in divide\n",
      "  res, _ = _lowess(y, x, x, np.ones_like(x),\n",
      "c:\\Users\\melin\\AppData\\Local\\Programs\\Python\\Python313\\Lib\\site-packages\\statsmodels\\nonparametric\\smoothers_lowess.py:226: RuntimeWarning: invalid value encountered in divide\n",
      "  res, _ = _lowess(y, x, x, np.ones_like(x),\n",
      "c:\\Users\\melin\\AppData\\Local\\Programs\\Python\\Python313\\Lib\\site-packages\\statsmodels\\nonparametric\\smoothers_lowess.py:226: RuntimeWarning: invalid value encountered in divide\n",
      "  res, _ = _lowess(y, x, x, np.ones_like(x),\n",
      "c:\\Users\\melin\\AppData\\Local\\Programs\\Python\\Python313\\Lib\\site-packages\\statsmodels\\nonparametric\\smoothers_lowess.py:226: RuntimeWarning: invalid value encountered in divide\n",
      "  res, _ = _lowess(y, x, x, np.ones_like(x),\n",
      "c:\\Users\\melin\\AppData\\Local\\Programs\\Python\\Python313\\Lib\\site-packages\\statsmodels\\nonparametric\\smoothers_lowess.py:226: RuntimeWarning: invalid value encountered in divide\n",
      "  res, _ = _lowess(y, x, x, np.ones_like(x),\n"
     ]
    },
    {
     "name": "stdout",
     "output_type": "stream",
     "text": [
      "Melhor configuração LOWESS: {'block_size': 4, 'n_boot': 200, 'frac': 0.4}\n",
      "\n",
      "Fração: MP2.5\n"
     ]
    },
    {
     "name": "stderr",
     "output_type": "stream",
     "text": [
      "c:\\Users\\melin\\AppData\\Local\\Programs\\Python\\Python313\\Lib\\site-packages\\statsmodels\\nonparametric\\smoothers_lowess.py:226: RuntimeWarning: invalid value encountered in divide\n",
      "  res, _ = _lowess(y, x, x, np.ones_like(x),\n"
     ]
    },
    {
     "name": "stdout",
     "output_type": "stream",
     "text": [
      "Melhor configuração MBM: {'block_size': 12, 'n_boot': 1000}\n",
      "Melhor configuração LOWESS: {'block_size': 12, 'n_boot': 200, 'frac': 0.7}\n",
      "\n",
      "Fração: MP10\n",
      "Melhor configuração MBM: {'block_size': 12, 'n_boot': 500}\n",
      "Melhor configuração LOWESS: {'block_size': 12, 'n_boot': 1000, 'frac': 0.6}\n",
      "\n",
      "====================\n",
      "Casa: R3\n",
      "====================\n",
      "\n",
      "Fração: MP1\n",
      "Melhor configuração MBM: {'block_size': 12, 'n_boot': 1000}\n",
      "Melhor configuração LOWESS: {'block_size': 12, 'n_boot': 1000, 'frac': 0.5}\n",
      "\n",
      "Fração: MP2.5\n",
      "Melhor configuração MBM: {'block_size': 12, 'n_boot': 1000}\n",
      "Melhor configuração LOWESS: {'block_size': 12, 'n_boot': 1000, 'frac': 0.7}\n",
      "\n",
      "Fração: MP10\n",
      "Melhor configuração MBM: {'block_size': 8, 'n_boot': 500}\n",
      "Melhor configuração LOWESS: {'block_size': 4, 'n_boot': 200, 'frac': 0.7}\n",
      "\n",
      "====================\n",
      "Casa: R4\n",
      "====================\n",
      "\n",
      "Fração: MP1\n",
      "Melhor configuração MBM: {'block_size': 6, 'n_boot': 200}\n",
      "Melhor configuração LOWESS: {'block_size': 6, 'n_boot': 200, 'frac': 0.6}\n",
      "\n",
      "Fração: MP2.5\n",
      "Melhor configuração MBM: {'block_size': 8, 'n_boot': 200}\n",
      "Melhor configuração LOWESS: {'block_size': 8, 'n_boot': 200, 'frac': 0.6}\n",
      "\n",
      "Fração: MP10\n",
      "Melhor configuração MBM: {'block_size': 4, 'n_boot': 1000}\n",
      "Melhor configuração LOWESS: {'block_size': 4, 'n_boot': 200, 'frac': 0.6}\n",
      "   Casa Fração  Modelo      RMSE        R²         r         a          b  \\\n",
      "0    R1    MP1     MBM  0.579465  0.076259  0.559318  0.577938   1.057690   \n",
      "1    R1    MP1  LOWESS  0.771949 -0.639355  0.375862  0.471903   1.290824   \n",
      "2    R1  MP2.5     MBM  1.855106  0.760919  0.881755  0.684528   2.332886   \n",
      "3    R1  MP2.5  LOWESS  1.806266  0.773343  0.881847  0.767885   2.168255   \n",
      "4    R1   MP10     MBM  5.725890  0.701233  0.838222  0.673928   6.223557   \n",
      "5    R1   MP10  LOWESS  5.657624  0.708315  0.843852  0.703007   5.174148   \n",
      "6    R2    MP1     MBM  0.384020  0.586336  0.787406  0.516498   0.941912   \n",
      "7    R2    MP1  LOWESS  0.434301  0.470919  0.696704  0.568695   0.763944   \n",
      "8    R2  MP2.5     MBM  1.404863  0.729621  0.875255  0.740942   0.891789   \n",
      "9    R2  MP2.5  LOWESS  1.393710  0.733897  0.912165  0.698813   0.880890   \n",
      "10   R2   MP10     MBM  7.381598  0.257286  0.739736  0.576502   2.167218   \n",
      "11   R2   MP10  LOWESS  8.531020  0.007974  0.620058  0.367530   4.855243   \n",
      "12   R3    MP1     MBM  0.643571 -0.573050  0.510439  0.571665   0.926779   \n",
      "13   R3    MP1  LOWESS  0.646919 -0.589460  0.484881  0.571833   0.877960   \n",
      "14   R3  MP2.5     MBM  1.194789  0.585243  0.812981  0.624601   2.020252   \n",
      "15   R3  MP2.5  LOWESS  1.220023  0.567539  0.808262  0.720810   1.648613   \n",
      "16   R3   MP10     MBM  9.171702 -0.634175 -0.050481 -0.036930  18.329407   \n",
      "17   R3   MP10  LOWESS  7.175125 -0.000132  0.466477  0.433569   9.808872   \n",
      "18   R4    MP1     MBM  0.387110  0.330985  0.576841  0.335239   0.828861   \n",
      "19   R4    MP1  LOWESS  0.427043  0.185838  0.533202  0.444585   0.718629   \n",
      "20   R4  MP2.5     MBM  1.232683  0.696250  0.854879  0.578279   1.955193   \n",
      "21   R4  MP2.5  LOWESS  1.367157  0.626362  0.822408  0.547209   1.868724   \n",
      "22   R4   MP10     MBM  6.178256  0.456861  0.711133  0.461771   5.960775   \n",
      "23   R4   MP10  LOWESS  5.739511  0.531263  0.785474  0.493924   5.204037   \n",
      "\n",
      "        NMSE        FB        FS  Finf_mean  Finf_std  Finf_IC95_min  \\\n",
      "0   0.059145  0.027632  0.032746   0.837126  0.095542       0.705272   \n",
      "1   0.105666  0.020968  0.226576   0.899253  0.060236       0.770040   \n",
      "2   0.051913 -0.034418 -0.251841   0.785575  0.034083       0.708149   \n",
      "3   0.046181  0.029213 -0.138159   0.813284  0.027920       0.761923   \n",
      "4   0.086418 -0.007832 -0.217299   0.561668  0.020407       0.516877   \n",
      "5   0.086513 -0.032922 -0.182105   0.547051  0.032021       0.491298   \n",
      "6   0.044141  0.041813 -0.415534   0.817528  0.031404       0.741609   \n",
      "7   0.059135 -0.004531 -0.202323   0.816795  0.039578       0.734132   \n",
      "8   0.074425 -0.098906 -0.166209   0.801659  0.050812       0.679070   \n",
      "9   0.077000 -0.148676 -0.264873   0.771062  0.059562       0.679698   \n",
      "10  0.299703 -0.336258 -0.248031   0.583562  0.086768       0.352090   \n",
      "11  0.424596 -0.393203 -0.511403   0.532515  0.099022       0.329635   \n",
      "12  0.180758  0.228919  0.113161   0.763499  0.048673       0.675244   \n",
      "13  0.188024  0.200221  0.164570   0.756444  0.040286       0.678947   \n",
      "14  0.077767  0.117349 -0.262079   0.861527  0.053797       0.743723   \n",
      "15  0.080784  0.121080 -0.114386   0.840396  0.040148       0.759684   \n",
      "16  0.286367  0.066309 -0.310042   0.714193  0.097475       0.589682   \n",
      "17  0.182680  0.024865 -0.073125   0.737691  0.043570       0.655259   \n",
      "18  0.099539  0.016097 -0.529783   0.749333  0.037572       0.679483   \n",
      "19  0.118937  0.034406 -0.181260   0.754201  0.032421       0.689469   \n",
      "20  0.064477 -0.024071 -0.386000   0.826013  0.031093       0.755598   \n",
      "21  0.083474 -0.075177 -0.401863   0.803228  0.032819       0.739248   \n",
      "22  0.210653 -0.131868 -0.425205   0.668528  0.038698       0.592474   \n",
      "23  0.186145 -0.155384 -0.455762   0.638840  0.038877       0.563685   \n",
      "\n",
      "    Finf_IC95_max    k_mean     k_std  best_block_size  best_n_boot  best_frac  \n",
      "0        0.998231  0.422311  0.405137               12         1000        NaN  \n",
      "1        0.991455       NaN       NaN                8          200        0.4  \n",
      "2        0.841082  2.448722  0.536341                6         1000        NaN  \n",
      "3        0.863013       NaN       NaN                6          200        0.6  \n",
      "4        0.595885  1.830348  0.627445                6         1000        NaN  \n",
      "5        0.608226       NaN       NaN                8          200        0.4  \n",
      "6        0.867915  1.067377  0.402032               12          200        NaN  \n",
      "7        0.881712       NaN       NaN                4          200        0.4  \n",
      "8        0.878413  2.056224  0.683088               12         1000        NaN  \n",
      "9        0.894022       NaN       NaN               12          200        0.7  \n",
      "10       0.708214  0.830459  0.442268               12          500        NaN  \n",
      "11       0.749496       NaN       NaN               12         1000        0.6  \n",
      "12       0.856798  1.291416  0.534761               12         1000        NaN  \n",
      "13       0.825291       NaN       NaN               12         1000        0.5  \n",
      "14       0.955082  1.731751  0.551771               12         1000        NaN  \n",
      "15       0.918668       NaN       NaN               12         1000        0.7  \n",
      "16       0.843207  1.274444  0.671269                8          500        NaN  \n",
      "17       0.815064       NaN       NaN                4          200        0.7  \n",
      "18       0.825264  1.120929  0.337974                6          200        NaN  \n",
      "19       0.815344       NaN       NaN                6          200        0.6  \n",
      "20       0.876720  1.838203  0.582288                8          200        NaN  \n",
      "21       0.864091       NaN       NaN                8          200        0.6  \n",
      "22       0.740865  2.792065  0.429122                4         1000        NaN  \n",
      "23       0.707535       NaN       NaN                4          200        0.6  \n"
     ]
    }
   ],
   "source": [
    "resultados_tabela = []\n",
    "resultados_series = {}\n",
    "\n",
    "for casa_label, arquivo in casas.items():\n",
    "\n",
    "    print(f\"\\n====================\")\n",
    "    print(f\"Casa: {casa_label}\")\n",
    "    print(f\"====================\")\n",
    "\n",
    "    df = pd.read_excel(arquivo)\n",
    "    resultados_series[casa_label] = {}\n",
    "\n",
    "    for frac_label, (cin_col, cout_col) in fracoes.items():\n",
    "\n",
    "        print(f\"\\nFração: {frac_label}\")\n",
    "\n",
    "        # ==================================================\n",
    "        # 1. PRÉ-PROCESSAMENTO\n",
    "        # ==================================================\n",
    "        Cin_full = df[cin_col].values.astype(float)\n",
    "        Cout_full = df[cout_col].values.astype(float)\n",
    "\n",
    "        # remoção/correção simples de outliers em Cout\n",
    "        q1, q3 = np.percentile(Cout_full, [25, 75])\n",
    "        iqr = q3 - q1\n",
    "        lim_inf = q1 - 1.5 * iqr\n",
    "        lim_sup = q3 + 1.5 * iqr\n",
    "\n",
    "        Cout_corr = Cout_full.copy()\n",
    "        Cout_corr[(Cout_corr < lim_inf) | (Cout_corr > lim_sup)] = np.nan\n",
    "        Cout_corr = pd.Series(Cout_corr).interpolate().bfill().ffill().values\n",
    "\n",
    "        # lags para censura\n",
    "        Cin_lag = np.roll(Cin_full, 1)\n",
    "        Cin_lag[0] = Cin_full[0]\n",
    "\n",
    "        Cout_lag = np.roll(Cout_corr, 1)\n",
    "        Cout_lag[0] = Cout_corr[0]\n",
    "\n",
    "        # classificar origem\n",
    "        classes = [\n",
    "            classificar_origem(Cin_full[i], Cout_corr[i], Cin_lag[i], Cout_lag[i])\n",
    "            for i in range(len(Cin_full))\n",
    "        ]\n",
    "\n",
    "        mask_ext = np.array(classes) == \"externo\"\n",
    "\n",
    "        Cin = Cin_full[mask_ext]\n",
    "        Cout = Cout_corr[mask_ext]\n",
    "\n",
    "        mask_valid = np.isfinite(Cin) & np.isfinite(Cout) & (Cout > 0)\n",
    "        Cin = Cin[mask_valid]\n",
    "        Cout = Cout[mask_valid]\n",
    "\n",
    "        if len(Cin) < 20:\n",
    "            print(\"Poucos dados externos válidos. Pulando.\")\n",
    "            continue\n",
    "\n",
    "        # ==================================================\n",
    "        # 2. BUSCA DE HIPERPARÂMETROS - MBM\n",
    "        # ==================================================\n",
    "        melhor_rmse_mbm = np.inf\n",
    "        melhor_config_mbm = None\n",
    "        melhor_finf_vals_mbm = None\n",
    "        melhor_k_vals_mbm = None\n",
    "\n",
    "        for block_size in block_sizes:\n",
    "            for n_boot in n_boots:\n",
    "\n",
    "                rmses_boot = []\n",
    "                Finf_vals_boot = []\n",
    "                k_vals_boot = []\n",
    "\n",
    "                for _ in range(n_boot):\n",
    "\n",
    "                    Cout_b, Cin_b = moving_block_bootstrap(Cout, Cin, block_size)\n",
    "\n",
    "                    try:\n",
    "                        Finf_b, k_b = ajustar_mbm(Cin_b, Cout_b)\n",
    "                        pred_b = simular_mbm(Finf_b, k_b, Cout_b, Cin_b[0])\n",
    "                        rmse_b = np.sqrt(mean_squared_error(Cin_b, pred_b))\n",
    "\n",
    "                        rmses_boot.append(rmse_b)\n",
    "                        Finf_vals_boot.append(Finf_b)\n",
    "                        k_vals_boot.append(k_b)\n",
    "\n",
    "                    except Exception:\n",
    "                        continue\n",
    "\n",
    "                if len(rmses_boot) == 0:\n",
    "                    continue\n",
    "\n",
    "                rmse_mean = np.mean(rmses_boot)\n",
    "\n",
    "                if rmse_mean < melhor_rmse_mbm:\n",
    "                    melhor_rmse_mbm = rmse_mean\n",
    "                    melhor_config_mbm = {\n",
    "                        \"block_size\": block_size,\n",
    "                        \"n_boot\": n_boot\n",
    "                    }\n",
    "                    melhor_finf_vals_mbm = np.array(Finf_vals_boot)\n",
    "                    melhor_k_vals_mbm = np.array(k_vals_boot)\n",
    "\n",
    "        print(\"Melhor configuração MBM:\", melhor_config_mbm)\n",
    "\n",
    "        # ==================================================\n",
    "        # 2. BUSCA DE HIPERPARÂMETROS - LOWESS\n",
    "        # ==================================================\n",
    "        melhor_rmse_low = np.inf\n",
    "        melhor_config_low = None\n",
    "        melhor_finf_vals_low = None\n",
    "\n",
    "        for block_size in block_sizes:\n",
    "            for n_boot in n_boots:\n",
    "                for frac in frac_values:\n",
    "\n",
    "                    rmses_boot = []\n",
    "                    Finf_vals_boot = []\n",
    "\n",
    "                    for _ in range(n_boot):\n",
    "\n",
    "                        Cout_b, Cin_b = moving_block_bootstrap(Cout, Cin, block_size)\n",
    "\n",
    "                        try:\n",
    "                            Finf_b, pred_b = ajustar_lowess(Cin_b, Cout_b, frac)\n",
    "                            rmse_b = np.sqrt(mean_squared_error(Cin_b, pred_b))\n",
    "\n",
    "                            rmses_boot.append(rmse_b)\n",
    "                            Finf_vals_boot.append(Finf_b)\n",
    "\n",
    "                        except Exception:\n",
    "                            continue\n",
    "\n",
    "                    if len(rmses_boot) == 0:\n",
    "                        continue\n",
    "\n",
    "                    rmse_mean = np.mean(rmses_boot)\n",
    "\n",
    "                    if rmse_mean < melhor_rmse_low:\n",
    "                        melhor_rmse_low = rmse_mean\n",
    "                        melhor_config_low = {\n",
    "                            \"block_size\": block_size,\n",
    "                            \"n_boot\": n_boot,\n",
    "                            \"frac\": frac\n",
    "                        }\n",
    "                        melhor_finf_vals_low = np.array(Finf_vals_boot)\n",
    "\n",
    "        print(\"Melhor configuração LOWESS:\", melhor_config_low)\n",
    "\n",
    "        # segurança\n",
    "        if melhor_config_mbm is None or melhor_config_low is None:\n",
    "            print(\"Não foi possível encontrar hiperparâmetros válidos. Pulando.\")\n",
    "            continue\n",
    "\n",
    "        # ==================================================\n",
    "        # 3. VALIDAÇÃO TEMPORAL COM HIPERPARÂMETROS ÓTIMOS\n",
    "        # ==================================================\n",
    "        tscv = TimeSeriesSplit(n_splits=5)\n",
    "\n",
    "        pred_mbm = np.full(len(Cin), np.nan)\n",
    "        pred_low = np.full(len(Cin), np.nan)\n",
    "\n",
    "        Finf_folds_mbm = []\n",
    "        k_folds_mbm = []\n",
    "        Finf_folds_low = []\n",
    "\n",
    "        for train_idx, test_idx in tscv.split(Cin):\n",
    "\n",
    "            Cin_train, Cin_test = Cin[train_idx], Cin[test_idx]\n",
    "            Cout_train, Cout_test = Cout[train_idx], Cout[test_idx]\n",
    "\n",
    "            # ---------- MBM ----------\n",
    "            try:\n",
    "                Finf_mbm, k_mbm = ajustar_mbm(Cin_train, Cout_train)\n",
    "                pred_test_mbm = simular_mbm(Finf_mbm, k_mbm, Cout_test, Cin_train[-1])\n",
    "\n",
    "                pred_mbm[test_idx] = pred_test_mbm\n",
    "                Finf_folds_mbm.append(Finf_mbm)\n",
    "                k_folds_mbm.append(k_mbm)\n",
    "\n",
    "            except Exception:\n",
    "                pass\n",
    "\n",
    "            # ---------- LOWESS ----------\n",
    "            try:\n",
    "                Finf_low, pred_train_dummy = ajustar_lowess(\n",
    "                    Cin_train,\n",
    "                    Cout_train,\n",
    "                    melhor_config_low[\"frac\"]\n",
    "                )\n",
    "\n",
    "                pred_test_low = Finf_low * Cout_test\n",
    "                pred_low[test_idx] = pred_test_low\n",
    "                Finf_folds_low.append(Finf_low)\n",
    "\n",
    "            except Exception:\n",
    "                pass\n",
    "\n",
    "        # ==================================================\n",
    "        # 4. MÉTRICAS FINAIS\n",
    "        # ==================================================\n",
    "        # MBM\n",
    "        mask_mbm = np.isfinite(Cin) & np.isfinite(pred_mbm)\n",
    "\n",
    "        if np.sum(mask_mbm) > 5:\n",
    "            rmse_mbm = np.sqrt(mean_squared_error(Cin[mask_mbm], pred_mbm[mask_mbm]))\n",
    "            r2_mbm = r2_score(Cin[mask_mbm], pred_mbm[mask_mbm])\n",
    "            astm_mbm = astm_d5157(Cin[mask_mbm], pred_mbm[mask_mbm])\n",
    "\n",
    "            resultados_tabela.append({\n",
    "                \"Casa\": casa_label,\n",
    "                \"Fração\": frac_label,\n",
    "                \"Modelo\": \"MBM\",\n",
    "                \"RMSE\": rmse_mbm,\n",
    "                \"R²\": r2_mbm,\n",
    "                \"r\": astm_mbm[\"r\"],\n",
    "                \"a\": astm_mbm[\"a\"],\n",
    "                \"b\": astm_mbm[\"b\"],\n",
    "                \"NMSE\": astm_mbm[\"NMSE\"],\n",
    "                \"FB\": astm_mbm[\"FB\"],\n",
    "                \"FS\": astm_mbm[\"FS\"],\n",
    "                \"Finf_mean\": np.mean(melhor_finf_vals_mbm),\n",
    "                \"Finf_std\": np.std(melhor_finf_vals_mbm),\n",
    "                \"Finf_IC95_min\": np.percentile(melhor_finf_vals_mbm, 2.5),\n",
    "                \"Finf_IC95_max\": np.percentile(melhor_finf_vals_mbm, 97.5),\n",
    "                \"k_mean\": np.mean(melhor_k_vals_mbm),\n",
    "                \"k_std\": np.std(melhor_k_vals_mbm),\n",
    "                \"best_block_size\": melhor_config_mbm[\"block_size\"],\n",
    "                \"best_n_boot\": melhor_config_mbm[\"n_boot\"]\n",
    "            })\n",
    "\n",
    "            resultados_series[casa_label][(frac_label, \"MBM\")] = {\n",
    "                \"Cin_obs\": Cin,\n",
    "                \"Cin_pred\": pred_mbm,\n",
    "                \"Cin_std\": pred_mbm - Cin,  # Assuming this is the standard deviation\n",
    "                \"Finf_vals\": melhor_finf_vals_mbm,\n",
    "                \"k_vals\": melhor_k_vals_mbm,\n",
    "                \"Finf_folds\": np.array(Finf_folds_mbm),\n",
    "                \"k_folds\": np.array(k_folds_mbm),\n",
    "                \"best_config\": melhor_config_mbm\n",
    "            }\n",
    "\n",
    "        # LOWESS\n",
    "        mask_low = np.isfinite(Cin) & np.isfinite(pred_low)\n",
    "\n",
    "        if np.sum(mask_low) > 5:\n",
    "            rmse_low = np.sqrt(mean_squared_error(Cin[mask_low], pred_low[mask_low]))\n",
    "            r2_low = r2_score(Cin[mask_low], pred_low[mask_low])\n",
    "            astm_low = astm_d5157(Cin[mask_low], pred_low[mask_low])\n",
    "\n",
    "            resultados_tabela.append({\n",
    "                \"Casa\": casa_label,\n",
    "                \"Fração\": frac_label,\n",
    "                \"Modelo\": \"LOWESS\",\n",
    "                \"RMSE\": rmse_low,\n",
    "                \"R²\": r2_low,\n",
    "                \"r\": astm_low[\"r\"],\n",
    "                \"a\": astm_low[\"a\"],\n",
    "                \"b\": astm_low[\"b\"],\n",
    "                \"NMSE\": astm_low[\"NMSE\"],\n",
    "                \"FB\": astm_low[\"FB\"],\n",
    "                \"FS\": astm_low[\"FS\"],\n",
    "                \"Finf_mean\": np.mean(melhor_finf_vals_low),\n",
    "                \"Finf_std\": np.std(melhor_finf_vals_low),\n",
    "                \"Finf_IC95_min\": np.percentile(melhor_finf_vals_low, 2.5),\n",
    "                \"Finf_IC95_max\": np.percentile(melhor_finf_vals_low, 97.5),\n",
    "                \"best_block_size\": melhor_config_low[\"block_size\"],\n",
    "                \"best_n_boot\": melhor_config_low[\"n_boot\"],\n",
    "                \"best_frac\": melhor_config_low[\"frac\"]\n",
    "            })\n",
    "\n",
    "            resultados_series[casa_label][(frac_label, \"LOWESS\")] = {\n",
    "                \"Cin_obs\": Cin,\n",
    "                \"Cin_pred\": pred_low,\n",
    "                \"Cin_std\": pred_low - Cin,  # Assuming this is the standard deviation\n",
    "                \"Finf_vals\": melhor_finf_vals_low,\n",
    "                \"Finf_folds\": np.array(Finf_folds_low),\n",
    "                \"best_config\": melhor_config_low\n",
    "            }\n",
    "\n",
    "# dataframe final\n",
    "df_resultados = pd.DataFrame(resultados_tabela)\n",
    "print(df_resultados)"
   ]
  },
  {
   "cell_type": "code",
   "execution_count": null,
   "id": "2b10b62c",
   "metadata": {},
   "outputs": [
    {
     "name": "stdout",
     "output_type": "stream",
     "text": [
      "\n",
      "===== TABELA FINAL =====\n",
      "   Casa Fração  Modelo      RMSE        R²         r         a          b  \\\n",
      "0    R1    MP1  LOWESS  0.771949 -0.639355  0.375862  0.471903   1.290824   \n",
      "1    R1    MP1     MBM  0.579465  0.076259  0.559318  0.577938   1.057690   \n",
      "2    R2    MP1  LOWESS  0.434301  0.470919  0.696704  0.568695   0.763944   \n",
      "3    R2    MP1     MBM  0.384020  0.586336  0.787406  0.516498   0.941912   \n",
      "4    R3    MP1  LOWESS  0.646919 -0.589460  0.484881  0.571833   0.877960   \n",
      "5    R3    MP1     MBM  0.643571 -0.573050  0.510439  0.571665   0.926779   \n",
      "6    R4    MP1  LOWESS  0.427043  0.185838  0.533202  0.444585   0.718629   \n",
      "7    R4    MP1     MBM  0.387110  0.330985  0.576841  0.335239   0.828861   \n",
      "8    R1   MP10  LOWESS  5.657624  0.708315  0.843852  0.703007   5.174148   \n",
      "9    R1   MP10     MBM  5.725890  0.701233  0.838222  0.673928   6.223557   \n",
      "10   R2   MP10  LOWESS  8.531020  0.007974  0.620058  0.367530   4.855243   \n",
      "11   R2   MP10     MBM  7.381598  0.257286  0.739736  0.576502   2.167218   \n",
      "12   R3   MP10  LOWESS  7.175125 -0.000132  0.466477  0.433569   9.808872   \n",
      "13   R3   MP10     MBM  9.171702 -0.634175 -0.050481 -0.036930  18.329407   \n",
      "14   R4   MP10  LOWESS  5.739511  0.531263  0.785474  0.493924   5.204037   \n",
      "15   R4   MP10     MBM  6.178256  0.456861  0.711133  0.461771   5.960775   \n",
      "16   R1  MP2.5  LOWESS  1.806266  0.773343  0.881847  0.767885   2.168255   \n",
      "17   R1  MP2.5     MBM  1.855106  0.760919  0.881755  0.684528   2.332886   \n",
      "18   R2  MP2.5  LOWESS  1.393710  0.733897  0.912165  0.698813   0.880890   \n",
      "19   R2  MP2.5     MBM  1.404863  0.729621  0.875255  0.740942   0.891789   \n",
      "20   R3  MP2.5  LOWESS  1.220023  0.567539  0.808262  0.720810   1.648613   \n",
      "21   R3  MP2.5     MBM  1.194789  0.585243  0.812981  0.624601   2.020252   \n",
      "22   R4  MP2.5  LOWESS  1.367157  0.626362  0.822408  0.547209   1.868724   \n",
      "23   R4  MP2.5     MBM  1.232683  0.696250  0.854879  0.578279   1.955193   \n",
      "\n",
      "        NMSE        FB        FS  Finf_mean  Finf_std  Finf_IC95_min  \\\n",
      "0   0.105666  0.020968  0.226576   0.899253  0.060236       0.770040   \n",
      "1   0.059145  0.027632  0.032746   0.837126  0.095542       0.705272   \n",
      "2   0.059135 -0.004531 -0.202323   0.816795  0.039578       0.734132   \n",
      "3   0.044141  0.041813 -0.415534   0.817528  0.031404       0.741609   \n",
      "4   0.188024  0.200221  0.164570   0.756444  0.040286       0.678947   \n",
      "5   0.180758  0.228919  0.113161   0.763499  0.048673       0.675244   \n",
      "6   0.118937  0.034406 -0.181260   0.754201  0.032421       0.689469   \n",
      "7   0.099539  0.016097 -0.529783   0.749333  0.037572       0.679483   \n",
      "8   0.086513 -0.032922 -0.182105   0.547051  0.032021       0.491298   \n",
      "9   0.086418 -0.007832 -0.217299   0.561668  0.020407       0.516877   \n",
      "10  0.424596 -0.393203 -0.511403   0.532515  0.099022       0.329635   \n",
      "11  0.299703 -0.336258 -0.248031   0.583562  0.086768       0.352090   \n",
      "12  0.182680  0.024865 -0.073125   0.737691  0.043570       0.655259   \n",
      "13  0.286367  0.066309 -0.310042   0.714193  0.097475       0.589682   \n",
      "14  0.186145 -0.155384 -0.455762   0.638840  0.038877       0.563685   \n",
      "15  0.210653 -0.131868 -0.425205   0.668528  0.038698       0.592474   \n",
      "16  0.046181  0.029213 -0.138159   0.813284  0.027920       0.761923   \n",
      "17  0.051913 -0.034418 -0.251841   0.785575  0.034083       0.708149   \n",
      "18  0.077000 -0.148676 -0.264873   0.771062  0.059562       0.679698   \n",
      "19  0.074425 -0.098906 -0.166209   0.801659  0.050812       0.679070   \n",
      "20  0.080784  0.121080 -0.114386   0.840396  0.040148       0.759684   \n",
      "21  0.077767  0.117349 -0.262079   0.861527  0.053797       0.743723   \n",
      "22  0.083474 -0.075177 -0.401863   0.803228  0.032819       0.739248   \n",
      "23  0.064477 -0.024071 -0.386000   0.826013  0.031093       0.755598   \n",
      "\n",
      "    Finf_IC95_max    k_mean     k_std  best_block_size  best_n_boot  best_frac  \n",
      "0        0.991455       NaN       NaN                8          200        0.4  \n",
      "1        0.998231  0.422311  0.405137               12         1000        NaN  \n",
      "2        0.881712       NaN       NaN                4          200        0.4  \n",
      "3        0.867915  1.067377  0.402032               12          200        NaN  \n",
      "4        0.825291       NaN       NaN               12         1000        0.5  \n",
      "5        0.856798  1.291416  0.534761               12         1000        NaN  \n",
      "6        0.815344       NaN       NaN                6          200        0.6  \n",
      "7        0.825264  1.120929  0.337974                6          200        NaN  \n",
      "8        0.608226       NaN       NaN                8          200        0.4  \n",
      "9        0.595885  1.830348  0.627445                6         1000        NaN  \n",
      "10       0.749496       NaN       NaN               12         1000        0.6  \n",
      "11       0.708214  0.830459  0.442268               12          500        NaN  \n",
      "12       0.815064       NaN       NaN                4          200        0.7  \n",
      "13       0.843207  1.274444  0.671269                8          500        NaN  \n",
